3,2
3,1
3,3
10,153
10,125
10,269
10,33
10,69
10,67
10,273
10,2
10,3
11,9
11,21
11,13
11,19
11,25
11,29
11,2
11,3
9,7
9,1
9,5
9,2
9,3
8,5
8,12
8,6
8,16
8,2
8,3
12,2
12,1
12,3
20,2
19,2
19,1
19,3
61,4
61,3
61,2
61,1
61,0
58,3
58,2
58,1
58,0
57,5
57,4
57,3
57,2
57,1
57,0
56,4
56,3
18,1
56,2
18,3
56,1
56,0
55,3
55,2
55,1
55,0
14,1
53,3
14,3
53,2
13,1
53,1
13,3
53,0
28,3
28,1
21,3
21,2
21,1
21,0
20,1
20,3
11,1
11,23
10,275
10,255
10,227
10,221
10,151
10,1
10,145
8,14
2,2
8,13
2,1
8,1
2,3
8,11
0,472
0,278
0,0
63,34
63,33
